SparseMatrix1:
(1, 1 -> 1)
(3, 1 -> 81)
(2, 3 -> 1)
(4, 1 -> 34)
(5, 1 -> 38)
(2, 5 -> 41)
(6, 1 -> 65)
(1, 7 -> 81)
(3, 5 -> 7)
(5, 3 -> 97)
(7, 1 -> 17)
(4, 5 -> 97)
(5, 4 -> 44)
(6, 3 -> 21)
(8, 1 -> 57)
(7, 3 -> 52)
(8, 2 -> 91)
(9, 1 -> 73)
(3, 9 -> 29)
(5, 7 -> 11)
(7, 5 -> 68)
(9, 3 -> 81)
(7, 6 -> 71)
(8, 5 -> 1)
(5, 9 -> 26)
(7, 7 -> 90)
(9, 5 -> 96)
(6, 9 -> 31)
(9, 6 -> 100)
(10, 5 -> 85)
(7, 9 -> 61)
(9, 7 -> 99)
(10, 10 -> 100)

SparseMatrix2:
(1, 1 -> 63)
(1, 2 -> 99)
(1, 3 -> 95)
(3, 1 -> 55)
(1, 5 -> 21)
(5, 1 -> 99)
(1, 6 -> 61)
(6, 1 -> 71)
(5, 3 -> 70)
(7, 1 -> 15)
(2, 7 -> 66)
(4, 5 -> 36)
(6, 3 -> 57)
(8, 1 -> 61)
(1, 9 -> 97)
(5, 5 -> 53)
(7, 3 -> 56)
(9, 1 -> 1)
(1, 10 -> 87)
(5, 6 -> 79)
(6, 5 -> 93)
(9, 3 -> 41)
(3, 10 -> 33)
(6, 7 -> 41)
(7, 6 -> 67)
(8, 5 -> 24)
(7, 7 -> 49)
(6, 9 -> 29)
(9, 6 -> 13)
(7, 9 -> 16)
(9, 7 -> 32)
(7, 10 -> 5)
(8, 9 -> 90)
(9, 8 -> 76)
(9, 9 -> 73)
(9, 10 -> 25)

SparseMatrix:
(1, 1 -> 64)
(1, 2 -> 99)
(1, 3 -> 95)
(3, 1 -> 136)
(2, 3 -> 1)
(4, 1 -> 34)
(1, 5 -> 21)
(5, 1 -> 137)
(1, 6 -> 61)
(2, 5 -> 41)
(6, 1 -> 136)
(1, 7 -> 81)
(3, 5 -> 7)
(5, 3 -> 167)
(7, 1 -> 32)
(2, 7 -> 66)
(4, 5 -> 133)
(5, 4 -> 44)
(6, 3 -> 78)
(8, 1 -> 118)
(1, 9 -> 97)
(5, 5 -> 53)
(7, 3 -> 108)
(8, 2 -> 91)
(9, 1 -> 74)
(1, 10 -> 87)
(5, 6 -> 79)
(6, 5 -> 93)
(3, 9 -> 29)
(5, 7 -> 11)
(7, 5 -> 68)
(9, 3 -> 122)
(3, 10 -> 33)
(6, 7 -> 41)
(7, 6 -> 138)
(8, 5 -> 25)
(5, 9 -> 26)
(7, 7 -> 139)
(9, 5 -> 96)
(6, 9 -> 60)
(9, 6 -> 113)
(10, 5 -> 85)
(7, 9 -> 77)
(9, 7 -> 131)
(7, 10 -> 5)
(8, 9 -> 90)
(9, 8 -> 76)
(9, 9 -> 73)
(9, 10 -> 25)
(10, 10 -> 100)

